15
0 16 53 29 13 23 45 26 108 122 36 73 16 29 105 113 
16 0 47 23 3 33 29 30 92 106 40 67 8 13 99 117 
53 47 0 30 46 76 24 73 55 69 83 26 51 40 58 160 
29 23 30 0 22 52 16 49 79 93 59 50 27 16 82 136 
13 3 46 22 0 36 32 33 95 109 43 66 11 16 98 120 
23 33 76 52 36 0 58 11 121 135 13 96 29 42 128 90 
45 29 24 16 32 58 0 55 67 83 65 44 33 22 76 142 
26 30 73 49 33 11 55 0 114 132 18 93 26 39 125 95 
108 92 55 79 95 121 67 114 0 22 128 35 96 83 19 203 
122 106 69 93 109 135 83 132 22 0 142 49 110 99 17 219 
36 40 83 59 43 13 65 18 128 142 0 103 36 49 135 81 
73 67 26 50 66 96 44 93 35 49 103 0 71 60 38 180 
16 8 51 27 11 29 33 26 96 110 36 71 0 17 103 113 
29 13 40 16 16 42 22 39 83 99 49 60 17 0 92 126 
105 99 58 82 98 128 76 125 19 17 135 38 103 92 0 212 
113 117 160 136 120 90 142 95 203 219 81 180 113 126 212 0 
