15
0 62 27 26 23 56 97 107 150 118 83 31 79 92 32 107 
62 0 43 44 39 6 35 45 88 56 21 39 17 30 46 45 
27 43 0 1 18 37 70 88 123 91 64 4 60 73 17 88 
26 44 1 0 19 38 71 89 124 92 65 5 61 74 18 89 
23 39 18 19 0 33 74 84 127 95 60 14 56 69 21 84 
56 6 37 38 33 0 41 51 94 62 27 33 23 36 40 51 
97 35 70 71 74 41 0 18 53 21 22 66 18 9 73 24 
107 45 88 89 84 51 18 0 43 15 32 84 28 15 91 16 
150 88 123 124 127 94 53 43 0 32 75 119 71 58 118 59 
118 56 91 92 95 62 21 15 32 0 43 87 39 26 86 27 
83 21 64 65 60 27 22 32 75 43 0 60 12 17 67 24 
31 39 4 5 14 33 66 84 119 87 60 0 56 69 13 84 
79 17 60 61 56 23 18 28 71 39 12 56 0 13 63 28 
92 30 73 74 69 36 9 15 58 26 17 69 13 0 76 19 
32 46 17 18 21 40 73 91 118 86 67 13 63 76 0 91 
107 45 88 89 84 51 24 16 59 27 24 84 28 19 91 0 
