15
0 13 22 23 18 14 13 7 11 19 15 26 11 33 32 55 
13 0 19 18 5 1 26 6 24 32 26 23 2 20 45 42 
22 19 0 1 14 18 9 25 25 29 25 14 21 11 40 41 
23 18 1 0 13 17 10 24 26 28 24 13 20 10 39 40 
18 5 14 13 0 4 23 11 29 33 21 18 7 15 44 37 
14 1 18 17 4 0 27 7 25 33 25 22 3 19 46 41 
13 26 9 10 23 27 0 20 16 24 28 23 24 20 37 50 
7 6 25 24 11 7 20 0 18 26 22 29 4 26 39 48 
11 24 25 26 29 25 16 18 0 14 26 15 22 30 27 60 
19 32 29 28 33 33 24 26 14 0 34 25 30 30 27 60 
15 26 25 24 21 25 28 22 26 34 0 29 26 26 47 40 
26 23 14 13 18 22 23 29 15 25 29 0 25 15 36 45 
11 2 21 20 7 3 24 4 22 30 26 25 0 22 43 44 
33 20 11 10 15 19 20 26 30 30 26 15 22 0 41 42 
32 45 40 39 44 46 37 39 27 27 47 36 43 41 0 71 
55 42 41 40 37 41 50 48 60 60 40 45 44 42 71 0 
