15
0 37 52 53 39 25 19 9 22 30 54 30 56 92 52 88 
37 0 15 16 2 12 18 46 59 7 43 7 41 55 53 51 
52 15 0 1 13 27 33 61 60 22 28 22 26 40 38 36 
53 16 1 0 14 28 34 62 59 23 27 23 25 39 37 35 
39 2 13 14 0 14 20 48 61 9 41 9 39 53 51 49 
25 12 27 28 14 0 6 34 47 5 55 5 53 67 65 63 
19 18 33 34 20 6 0 28 41 11 61 11 59 73 71 69 
9 46 61 62 48 34 28 0 13 39 45 39 47 91 61 87 
22 59 60 59 61 47 41 13 0 52 32 52 34 78 74 74 
30 7 22 23 9 5 11 39 52 0 50 0 48 62 60 58 
54 43 28 27 41 55 61 45 32 50 0 50 2 46 44 42 
30 7 22 23 9 5 11 39 52 0 50 0 48 62 60 58 
56 41 26 25 39 53 59 47 34 48 2 48 0 44 42 40 
92 55 40 39 53 67 73 91 78 62 46 62 44 0 40 4 
52 53 38 37 51 65 71 61 74 60 44 60 42 40 0 36 
88 51 36 35 49 63 69 87 74 58 42 58 40 4 36 0 
