15
0 28 45 42 41 32 20 13 8 16 24 44 24 92 32 107 
28 0 17 14 13 4 8 15 28 20 4 16 4 64 16 79 
45 17 0 11 12 17 25 32 37 29 21 1 21 55 21 70 
42 14 11 0 1 10 22 29 42 34 18 12 18 50 26 65 
41 13 12 1 0 9 21 28 41 33 17 13 17 51 25 66 
32 4 17 10 9 0 12 19 32 24 8 16 8 60 16 75 
20 8 25 22 21 12 0 7 20 12 4 24 4 72 22 87 
13 15 32 29 28 19 7 0 17 9 11 31 11 79 19 94 
8 28 37 42 41 32 20 17 0 8 24 36 24 92 24 107 
16 20 29 34 33 24 12 9 8 0 16 28 16 84 16 99 
24 4 21 18 17 8 4 11 24 16 0 20 0 68 20 83 
44 16 1 12 13 16 24 31 36 28 20 0 20 56 20 71 
24 4 21 18 17 8 4 11 24 16 0 20 0 68 20 83 
92 64 55 50 51 60 72 79 92 84 68 56 68 0 76 19 
32 16 21 26 25 16 22 19 24 16 20 20 20 76 0 91 
107 79 70 65 66 75 87 94 107 99 83 71 83 19 91 0 
