15
0 25 42 39 38 29 17 13 8 16 21 41 21 83 29 98 
25 0 17 14 13 4 8 12 29 21 4 16 4 58 16 73 
42 17 0 27 26 17 25 29 34 26 21 1 21 49 21 64 
39 14 27 0 1 10 22 26 39 31 18 26 18 44 26 59 
38 13 26 1 0 9 21 25 38 30 17 25 17 45 25 60 
29 4 17 10 9 0 12 16 29 21 8 16 8 54 16 69 
17 8 25 22 21 12 0 4 25 29 4 24 4 66 24 81 
13 12 29 26 25 16 4 0 21 29 8 28 8 70 28 85 
8 29 34 39 38 29 25 21 0 8 29 33 29 83 29 98 
16 21 26 31 30 21 29 29 8 0 25 25 25 75 25 90 
21 4 21 18 17 8 4 8 29 25 0 20 0 62 20 77 
41 16 1 26 25 16 24 28 33 25 20 0 20 50 20 65 
21 4 21 18 17 8 4 8 29 25 0 20 0 62 20 77 
83 58 49 44 45 54 66 70 83 75 62 50 62 0 70 19 
29 16 21 26 25 16 24 28 29 25 20 20 20 70 0 85 
98 73 64 59 60 69 81 85 98 90 77 65 77 19 85 0 
