15
0 34 23 18 15 30 52 55 90 80 45 28 37 48 35 70 
34 0 27 24 19 12 18 29 56 46 19 30 11 14 39 44 
23 27 0 11 14 31 37 56 67 57 46 9 38 41 18 71 
18 24 11 0 11 28 34 53 72 62 43 14 35 38 23 68 
15 19 14 11 0 23 37 48 75 65 38 17 30 33 26 63 
30 12 31 28 23 0 30 25 68 58 15 34 15 26 43 40 
52 18 37 34 37 30 0 19 38 28 23 40 15 8 49 38 
55 29 56 53 48 25 19 0 43 37 18 59 18 15 68 25 
90 56 67 72 75 68 38 43 0 18 61 62 53 42 55 68 
80 46 57 62 65 58 28 37 18 0 51 52 43 32 45 58 
45 19 46 43 38 15 23 18 61 51 0 49 12 19 58 25 
28 30 9 14 17 34 40 59 62 52 49 0 41 44 13 74 
37 11 38 35 30 15 15 18 53 43 12 41 0 11 50 33 
48 14 41 38 33 26 8 15 42 32 19 44 11 0 53 34 
35 39 18 23 26 43 49 68 55 45 58 13 50 53 0 83 
70 44 71 68 63 40 38 25 68 58 25 74 33 34 83 0 
