15
0 58 44 56 60 71 49 69 24 17 74 36 62 29 105 113 
58 0 22 10 2 19 15 19 38 47 24 30 12 79 163 55 
44 22 0 16 20 33 15 35 24 31 38 12 26 61 147 69 
56 10 16 0 8 21 11 23 36 43 26 24 14 73 159 57 
60 2 20 8 0 17 15 19 40 47 22 28 10 77 163 53 
71 19 33 21 17 0 28 2 51 60 11 41 15 90 176 42 
49 15 15 11 15 28 0 26 29 38 31 23 19 72 154 64 
69 19 35 23 19 2 26 0 49 58 11 43 15 92 174 44 
24 38 24 36 40 51 29 49 0 13 54 16 42 49 129 89 
17 47 31 43 47 60 38 58 13 0 63 23 51 40 122 96 
74 24 38 26 22 11 31 11 54 63 0 46 20 95 179 39 
36 30 12 24 28 41 23 43 16 23 46 0 34 53 139 77 
62 12 26 14 10 15 19 15 42 51 20 34 0 83 167 51 
29 79 61 73 77 90 72 92 49 40 95 53 83 0 92 126 
105 163 147 159 163 176 154 174 129 122 179 139 167 92 0 212 
113 55 69 57 53 42 64 44 89 96 39 77 51 126 212 0 
