15
0 50 24 23 20 47 82 89 126 100 71 28 67 77 29 92 
50 0 60 61 30 3 32 39 76 50 21 56 17 27 63 42 
24 60 0 1 44 63 58 73 102 76 55 4 51 61 45 76 
23 61 1 0 43 64 59 74 103 77 56 5 52 62 44 77 
20 30 44 43 0 27 62 69 106 80 51 48 47 57 49 72 
47 3 63 64 27 0 35 42 79 53 24 59 20 30 66 45 
82 32 58 59 62 35 0 45 60 48 27 54 23 33 61 48 
89 39 73 74 69 42 45 0 53 63 34 69 22 12 76 55 
126 76 102 103 106 79 60 53 0 26 71 98 67 65 97 66 
100 50 76 77 80 53 48 63 26 0 45 72 41 51 71 66 
71 21 55 56 51 24 27 34 71 45 0 51 12 22 58 29 
28 56 4 5 48 59 54 69 98 72 51 0 47 57 49 72 
67 17 51 52 47 20 23 22 67 41 12 47 0 10 54 33 
77 27 61 62 57 30 33 12 65 51 22 57 10 0 64 43 
29 63 45 44 49 66 61 76 97 71 58 49 54 64 0 79 
92 42 76 77 72 45 48 55 66 66 29 72 33 43 79 0 
